18.9375
21.375
21.75
24.0
21.375
20.75
24.6875
21.6875
33.5625
34.5
28.3125
27.8125
27.9375
33.125
36.0
34.875
40.375
37.375
46.6875
45.0
59.5
79.6875
81.25
90.25
116.125
131.0
115.5625
130.6875
146.5
193.375
168.0
191.25
205.0625
247.1875
259.875
269.0625
281.6875
251.0625
235.875
266.5625
265.375
345.125
410.25
349.3125
262.6875
279.0
375.5
299.0
383.1875
436.6875
397.125
345.25
381.5
372.4375
464.25
416.375
427.75
334.5625
444.625
446.4375
462.8125
418.6875
424.0
448.125
482.4375
452.0
452.4375
471.0
491.625
493.9375
475.1875
436.125
475.0
475.9375
482.4375
486.5625
477.5625
493.125
487.5
500.0
