22.75
21.6875
22.6875
24.0
25.5
25.5
20.1875
25.8125
25.0625
23.25
32.75
25.9375
33.375
40.75
40.125
47.6875
51.625
46.125
65.25
55.625
62.5
80.4375
81.75
81.75
103.1875
162.4375
136.8125
147.75
180.5
194.8125
194.1875
170.125
181.0
222.5
236.8125
305.875
319.9375
335.125
300.6875
345.5
287.625
332.8125
362.4375
393.0625
455.25
459.0625
403.75
464.1875
433.0
436.375
407.375
428.25
432.25
394.5625
452.9375
436.25
470.75
461.4375
420.625
433.5625
429.75
466.125
443.0625
472.6875
461.0
470.875
448.625
492.375
465.25
488.6875
432.5
475.0
414.875
479.6875
483.4375
500.0
