20.125
19.125
18.875
16.625
20.875
22.625
21.875
18.875
19.375
23.25
19.875
31.75
20.25
27.5
31.125
41.25
33.75
49.875
27.875
28.25
37.75
44.5
38.5
42.25
29.25
49.25
47.0
35.25
55.125
75.25
53.125
58.25
52.75
70.125
60.25
82.625
84.0
94.375
105.5
100.875
117.25
107.75
117.625
108.375
199.625
101.25
90.875
128.875
127.375
163.25
154.125
158.125
153.125
118.5
195.25
149.75
200.125
202.75
208.0
231.375
222.25
256.375
266.5
258.625
173.75
212.875
296.25
218.875
250.75
223.75
255.625
265.5
263.75
290.125
250.5
290.75
336.25
336.5
338.625
294.875
295.375
348.5
355.25
366.5
357.375
386.0
375.0
425.875
396.5
386.0
301.5
441.375
340.25
339.25
452.5
439.75
476.75
434.5
472.125
463.75
455.375
434.5
424.125
456.125
494.75
439.75
500.0
