19.6875
18.9375
20.1875
20.25
25.25
22.625
24.25
21.375
25.8125
24.625
34.5625
26.6875
24.8125
29.1875
42.0
39.5625
43.3125
40.4375
45.875
49.6875
70.0
46.9375
78.9375
81.3125
109.9375
132.125
122.5
152.0625
174.5
149.5625
174.1875
212.9375
176.625
242.5
245.3125
237.1875
231.4375
252.375
327.5625
302.875
280.75
325.25
321.5
404.1875
404.1875
339.125
397.375
415.4375
433.8125
340.6875
405.6875
391.0
482.125
429.5
467.9375
450.0625
409.8125
349.75
418.8125
445.75
428.875
482.9375
478.4375
475.875
411.125
417.9375
433.875
488.8125
483.0625
481.25
469.3125
485.5625
449.6875
495.3125
487.8125
458.0625
482.5625
500.0
