27.0
23.375
21.25
29.25
26.75
26.625
19.9375
26.5625
29.75
25.125
25.4375
35.0625
33.6875
36.9375
45.8125
43.375
55.8125
55.9375
84.6875
81.375
118.3125
106.375
112.8125
131.0625
140.375
135.125
135.125
187.5625
193.5
183.75
236.4375
227.875
237.5625
205.125
231.875
262.5
354.0625
301.625
356.5625
311.125
325.25
328.4375
337.625
374.5
415.0
435.0
348.125
399.25
360.3125
380.125
404.5
385.0
460.125
441.625
464.75
328.4375
473.8125
412.0625
455.4375
469.375
483.75
436.9375
448.875
447.1875
479.8125
426.8125
431.5
431.5
494.1875
447.375
472.8125
495.3125
466.4375
495.1875
499.375
498.3125
405.5
484.0
431.9375
444.9375
491.625
494.6875
434.8125
466.6875
487.5
480.9375
498.375
500.0
