22.0
23.0
17.0
11.0
59.0
21.0
20.0
11.0
30.0
26.0
20.0
9.0
33.0
17.0
16.0
11.0
21.0
40.0
28.0
15.0
34.0
25.0
25.0
11.0
22.0
9.0
13.0
15.0
21.0
16.0
25.0
28.0
18.0
15.0
25.0
12.0
20.0
27.0
24.0
58.0
11.0
15.0
32.0
48.0
29.0
24.0
19.0
22.0
24.0
30.0
44.0
27.0
28.0
44.0
32.0
67.0
11.0
15.0
32.0
28.0
28.0
24.0
23.0
84.0
43.0
26.0
17.0
19.0
14.0
41.0
25.0
60.0
95.0
43.0
29.0
45.0
26.0
15.0
59.0
67.0
48.0
101.0
27.0
11.0
41.0
45.0
36.0
31.0
37.0
76.0
97.0
118.0
24.0
35.0
58.0
115.0
137.0
116.0
192.0
149.0
128.0
142.0
68.0
468.0
215.0
258.0
208.0
139.0
205.0
224.0
180.0
232.0
258.0
252.0
181.0
239.0
304.0
352.0
327.0
350.0
500.0
